local WindUI = loadstring(game:HttpGet("https://cdn.jsdelivr.net/gh/kitten-maomao/cdnUI/WindQW.lua"))()
local VirtualUser = game:GetService("VirtualUser")
local Players = game:GetService("Players")
local RunService = game:GetService("RunService")
local ReplicatedStorage = game:GetService("ReplicatedStorage")

Players.LocalPlayer.Idled:Connect(function()
    VirtualUser:Button2Down(Vector2.new(0, 0), workspace.CurrentCamera.CFrame)
    task.wait(1)
    VirtualUser:Button2Up(Vector2.new(0, 0), workspace.CurrentCamera.CFrame)
end)

local Window = WindUI:CreateWindow({
    Title = "<font color='#ffffff'><b>猫脚本</b></font>",
    Author = "<font color='#ffffff'><b>猫天帝制作 QQ群:1084345067 内有解卡机器人</b></font>",
    Folder = "猫脚本",
    Size = UDim2.fromOffset(390, 460),
    Transparent = false,
    Theme = "Dark",
    SideBarWidth = 150,
    ScrollBarEnabled = true,
    Background = "rbxassetid://137798529129734",
    BackgroundImageTransparency = 0,
    Color = ColorSequence.new({
        ColorSequenceKeypoint.new(0, Color3.fromRGB(255, 0, 0)),
        ColorSequenceKeypoint.new(0.5, Color3.fromRGB(255, 165, 0)),
        ColorSequenceKeypoint.new(1, Color3.fromRGB(255, 192, 203))
    }),
})

Window:EditOpenButton({
    Title = "<font color='#ffffff'><b>猫脚本</b></font>",
    CornerRadius = UDim.new(0, 10),
    StrokeThickness = 2.5,
    Color = ColorSequence.new(Color3.fromRGB(255, 100, 100)),
    Draggable = true,
})

local Tabs = {}
function Tabs:Create(name, icon)
    return Window:Tab({ Title = name, Icon = icon })
end

Tabs.Announce = Tabs:Create("<font color='#ffffff'>公告</font>", "megaphone")
Tabs.Player   = Tabs:Create("<font color='#ffffff'>锻炼</font>", "dumbbell")
Tabs.Kill     = Tabs:Create("<font color='#ffffff'>击杀</font>", "skull")
Tabs.Rock     = Tabs:Create("<font color='#ffffff'>石头</font>", "mountain")
Tabs.Pet      = Tabs:Create("<font color='#ffffff'>宠物</font>", "cat")
Tabs.TP       = Tabs:Create("<font color='#ffffff'>传送</font>", "map-pin")
Tabs.Other    = Tabs:Create("<font color='#ffffff'>其他</font>", "settings")
Tabs.Beautify = Tabs:Create("<font color='#ffffff'>美化包</font>", "palette")
Tabs.Egg      = Tabs:Create("<font color='#ffffff'>食物</font>", "utensils")

Tabs.Announce:Paragraph({
    Title = "<font color='#ffffff'><b>欢迎使用</b></font>",
    Desc = "<font color='#ffffff'><b>猫脚本感谢支持(｡･ω･｡)ﾉ♡\n请加群∶1084345067</b></font>",
    Image = "heart",
    ImageSize = 26,
})

do
    local Tab = Tabs.Player
    local workType = ""
    local autowork = false
    local autorebirth = false
    local rebirthTarget = 0
    local rebirthMainThread = nil

    Tab:Dropdown({
        Title = "<font color='#ffffff'><b>选择锻炼类型</b></font>",
        Values = { "哑铃", "倒立", "仰卧起坐", "俯卧撑" },
        Default = "",
        Callback = function(val) workType = val end
    })

    Tab:Toggle({
        Title = "<font color='#ffffff'><b>自动锻炼</b></font>",
        Default = false,
        Callback = function(state)
            autowork = state
            if state then
                task.spawn(function()
                    while autowork do
                        pcall(function()
                            local player = Players.LocalPlayer
                            local char = player.Character
                            local backpack = player.Backpack
                            if not char then return end
                            player.muscleEvent:FireServer("rep")
                            local toolName = ""
                            if workType == "哑铃" then toolName = "Weight"
                            elseif workType == "倒立" then toolName = "Handstands"
                            elseif workType == "仰卧起坐" then toolName = "Situps"
                            elseif workType == "俯卧撑" then toolName = "Pushups"
                            end
                            if toolName ~= "" and backpack:FindFirstChild(toolName) then
                                char.Humanoid:EquipTool(backpack[toolName])
                            end
                        end)
                        task.wait()
                    end
                end)
            end
        end
    })

    Tab:Input({
        Title = "<font color='#ffffff'><b>自定义重生次数</b></font>",
        Desc = "<font color='#ffffff'><i>输入大于当前重生次数的数值，开启自动重生后生效</i></font>",
        Placeholder = "输入数值",
        Default = "",
        Callback = function(val) rebirthTarget = tonumber(val) or 0 end
    })

    Tab:Toggle({
        Title = "<font color='#ffffff'><b>自动重生（立即）</b></font>",
        Default = false,
        Callback = function(state)
            if rebirthMainThread then
                task.cancel(rebirthMainThread)
                rebirthMainThread = nil
            end

            autorebirth = state

            if state then
                rebirthMainThread = task.spawn(function()
                    local player = Players.LocalPlayer
                    while autorebirth do
                        pcall(function()
                            local rebirthRemote = ReplicatedStorage.rEvents.rebirthRemote
                            if rebirthRemote then
                                rebirthRemote:InvokeServer("rebirthRequest")
                                repeat task.wait() until player.Character and player.Character:FindFirstChild("HumanoidRootPart")
                            end
                        end)
                        if rebirthTarget > 0 and player.leaderstats.Rebirths.Value >= rebirthTarget then
                            autorebirth = false
                        end
                        task.wait(0.1)  -- 极快重生频率
                    end
                end)
            end
        end
    })

    Tab:Section({ Title = "<font color='#ffffff'><b>其他器材</b></font>" })

    local treadmillFuncs = {
        { name = "沙滩跑步机10", cf = CFrame.new(238.671112, 5.40315914, 387.713165, -0.0160072874, -2.90710176e-08, -0.99987185, -3.3434191e-09, 1, -2.90212157e-08, 0.99987185, 2.87843993e-09, -0.0160072874) },
        { name = "冰霜健身房跑步机2000", cf = CFrame.new(-3005.37866, 14.3221855, -464.697876, -0.015773816, -1.38508964e-08, 0.999875605, -5.13225586e-08, 1, 1.30429667e-08, -0.999875605, -5.11104332e-08, -0.015773816), minAgility = 2000 },
        { name = "神话健身房跑步机2000", cf = CFrame.new(2571.23706, 15.6896839, 898.650391, 0.999968231, 2.23868635e-09, -0.00797206629, -1.73198844e-09, 1, 6.35660768e-08, 0.00797206629, -6.3550246e-08, 0.999968231), minAgility = 2000 },
        { name = "永恒健身房跑步机3500", cf = CFrame.new(-7077.79102, 29.6702118, -1457.59961, -0.0322036594, -3.31122768e-10, 0.99948132, -6.44344267e-09, 1, 1.23684493e-10, -0.99948132, -6.43611742e-09, -0.0322036594), minAgility = 3500 },
        { name = "传奇健身房跑步机3000", cf = CFrame.new(4370.82812, 999.358704, -3621.42773, -0.960604727, -8.41949266e-09, -0.27791819, -6.12478646e-09, 1, -9.12496567e-09, 0.27791819, -7.06329528e-09, -0.960604727), minAgility = 3000 },
        { name = "丛林健身房跑步机20000", cf = CFrame.new(-8138.67919921875, 28.270538330078125, 2833.511474609375, -0.960604727, -8.41949266e-09, -0.27791819, -6.12478646e-09, 1, -9.12496567e-09, 0.27791819, -7.06329528e-09, -0.960604727), minAgility = 20000 },
    }
    for idx, tm in ipairs(treadmillFuncs) do
        local running = false
        local bindName = "Treadmill_" .. idx
        Tab:Toggle({
            Title = "<font color='#ffffff'><b>" .. tm.name .. "</b></font>",
            Default = false,
            Callback = function(state)
                running = state
                if state then
                    task.spawn(function()
                        local char = Players.LocalPlayer.Character
                        local originalSpeed = 16
                        if char and char:FindFirstChild("Humanoid") then
                            originalSpeed = char.Humanoid.WalkSpeed
                        end
                        while running do
                            pcall(function()
                                char = Players.LocalPlayer.Character
                                if char and char:FindFirstChild("HumanoidRootPart") then
                                    char.Humanoid.WalkSpeed = 10
                                    char.HumanoidRootPart.CFrame = tm.cf
                                    RunService:BindToRenderStep(bindName, Enum.RenderPriority.Character.Value + 1, function()
                                        if char and char:FindFirstChild("Humanoid") then
                                            char.Humanoid:Move(Vector3.new(10000, 0, -1), true)
                                        end
                                    end)
                                end
                            end)
                            task.wait()
                        end
                        RunService:UnbindFromRenderStep(bindName)
                        pcall(function()
                            char = Players.LocalPlayer.Character
                            if char and char:FindFirstChild("Humanoid") then
                                char.Humanoid.WalkSpeed = originalSpeed
                            end
                        end)
                    end)
                else
                    RunService:UnbindFromRenderStep(bindName)
                    pcall(function()
                        local char = Players.LocalPlayer.Character
                        if char and char:FindFirstChild("Humanoid") then
                            char.Humanoid.WalkSpeed = 16
                        end
                    end)
                end
            end
        })
    end

    local squatFuncs = {
        { name = "沙滩深蹲架", cf = CFrame.new(232.627625, 3.67689133, 96.3039856, -0.963445187, -7.78685845e-08, -0.267905563, -7.92865222e-08, 1, -5.52570167e-09, 0.267905563, 1.5917589e-08, -0.963445187) },
        { name = "霜冻健身房深蹲架", cf = CFrame.new(-2629.13818, 3.36860609, -609.827454, -0.995664716, -2.67296816e-08, -0.0930150598, -1.90042453e-08, 1, -8.39415222e-08, 0.0930150598, -8.18099295e-08, -0.995664716) },
        { name = "传奇健身房深蹲架", cf = CFrame.new(4443.04443, 987.521484, -4061.12988, 0.83309716, 3.33018835e-09, 0.553126693, -2.87759438e-09, 1, -1.68654424e-09, -0.553126693, -1.86619012e-10, 0.83309716) },
        { name = "肌肉之王健身房深蹲架", cf = CFrame.new(-8757.37012, 13.2186356, -6051.24365, -0.902269304, 1.63610299e-08, -0.431172907, 1.71076486e-08, 1, 2.14606288e-09, 0.431172907, -5.44002754e-09, -0.902269304) },
        { name = "丛林健身房深蹲架", cf = CFrame.new(-8383.45, 3.43 + 80, 2854.54, -0.902269304, 1.63610299e-08, -0.431172907, 1.71076486e-08, 1, 2.14606288e-09, 0.431172907, -5.44002754e-09, -0.902269304) },
    }
    for idx, sq in ipairs(squatFuncs) do
        local active = false
        Tab:Toggle({
            Title = "<font color='#ffffff'><b>" .. sq.name .. "</b></font>",
            Default = false,
            Callback = function(state)
                active = state
                if state then
                    task.spawn(function()
                        while active do
                            pcall(function()
                                if Players.LocalPlayer.machineInUse.Value == nil then
                                    Players.LocalPlayer.Character:WaitForChild("HumanoidRootPart").CFrame = sq.cf
                                    task.wait(0.00001)
                                    local vim = game:GetService("VirtualInputManager")
                                    vim:SendKeyEvent(true, "E", false, game)
                                    task.wait(0.00001)
                                    vim:SendKeyEvent(false, "E", false, game)
                                else
                                    local A_1 = "rep"
                                    local A_2 = workspace.machinesFolder["Squat Rack"].interactSeat
                                    local Event = Players.LocalPlayer.muscleEvent
                                    Event:FireServer(A_1, A_2)
                                end
                            end)
                            task.wait()
                        end
                    end)
                else
                    pcall(function()
                        local char = Players.LocalPlayer.Character
                        if char then char:WaitForChild("Humanoid").Jump = true end
                    end)
                end
            end
        })
    end

    local pullupFuncs = {
        { name = "沙滩引体向上", cf = CFrame.new(-185.157745, 5.81071186, 104.747154, 0.227061391, -8.2363325e-09, 0.97388047, 5.58502826e-08, 1, -4.56432803e-09, -0.97388047, 5.54278827e-08, 0.227061391) },
        { name = "神话健身房引体向上", cf = CFrame.new(2315.82104, 5.81071281, 847.153076, 0.993555248, 6.99809632e-08, 0.113349125, -7.05298859e-08, 1, 8.32554692e-10, -0.113349125, -8.82168916e-09, 0.993555248) },
    }
    for idx, pu in ipairs(pullupFuncs) do
        local active = false
        Tab:Toggle({
            Title = "<font color='#ffffff'><b>" .. pu.name .. "</b></font>",
            Default = false,
            Callback = function(state)
                active = state
                if state then
                    task.spawn(function()
                        while active do
                            pcall(function()
                                if Players.LocalPlayer.machineInUse.Value == nil then
                                    Players.LocalPlayer.Character:WaitForChild("HumanoidRootPart").CFrame = pu.cf
                                    task.wait(0.00001)
                                    local vim = game:GetService("VirtualInputManager")
                                    vim:SendKeyEvent(true, "E", false, game)
                                    task.wait(0.00001)
                                    vim:SendKeyEvent(false, "E", false, game)
                                else
                                    local A_1 = "rep"
                                    local A_2 = workspace.machinesFolder["Legends Pullup"].interactSeat
                                    local Event = Players.LocalPlayer.muscleEvent
                                    Event:FireServer(A_1, A_2)
                                end
                            end)
                            task.wait(0.00001)
                        end
                    end)
                else
                    pcall(function()
                        local char = Players.LocalPlayer.Character
                        if char then char:WaitForChild("Humanoid").Jump = true end
                    end)
                end
            end
        })
    end

    local throwFuncs = {
        { name = "沙滩投掷石", cf = CFrame.new(-91.6730804, 3.67689133, -292.42868, -0.221022144, -2.21041621e-08, -0.975268781, 1.21414407e-08, 1, -2.54162646e-08, 0.975268781, -1.7458726e-08, -0.221022144) },
        { name = "神话健身房投掷石", cf = CFrame.new(2486.01733, 3.67689276, 1237.89331, 0.883595645, -2.06135038e-08, -0.468250751, -3.3286871e-09, 1, -5.03036404e-08, 0.468250751, 4.60067362e-08, 0.883595645) },
        { name = "传奇健身房投掷石", cf = CFrame.new(4189.96143, 987.829773, -3903.0166, 0.422592968, 0, 0.906319559, 0, 1, 0, -0.906319559, 0, 0.422592968) },
        { name = "肌肉之王投掷石", cf = CFrame.new(-8935.4384765625, 13.855730056762695, -5693.66748046875) },
        { name = "丛林健身房投掷石", cf = CFrame.new(-8620.99, 89.81, 2673.54, -0.902269304, 1.63610299e-08, -0.431172907, 1.71076486e-08, 1, 2.14606288e-09, 0.431172907, -5.44002754e-09, -0.902269304) },
    }
    for idx, th in ipairs(throwFuncs) do
        local active = false
        Tab:Toggle({
            Title = "<font color='#ffffff'><b>" .. th.name .. "</b></font>",
            Default = false,
            Callback = function(state)
                active = state
                if state then
                    task.spawn(function()
                        while active do
                            pcall(function()
                                if Players.LocalPlayer.machineInUse.Value == nil then
                                    Players.LocalPlayer.Character:WaitForChild("HumanoidRootPart").CFrame = th.cf
                                    task.wait(0.0001)
                                    local vim = game:GetService("VirtualInputManager")
                                    vim:SendKeyEvent(true, "E", false, game)
                                    task.wait(0.0001)
                                    vim:SendKeyEvent(false, "E", false, game)
                                else
                                    local A_1 = "rep"
                                    local A_2 = workspace.machinesFolder.Deadlift.interactSeat
                                    local Event = Players.LocalPlayer.muscleEvent
                                    Event:FireServer(A_1, A_2)
                                end
                            end)
                            task.wait()
                        end
                    end)
                else
                    pcall(function()
                        local char = Players.LocalPlayer.Character
                        if char then char:WaitForChild("Humanoid").Jump = true end
                    end)
                end
            end
        })
    end

    Tab:Section({ Title = "<font color='#ffffff'><b>七包以上专属功能</b></font>" })

    local requiredStrength = 0
    local statusParagraph = Tab:Paragraph({
        Title = "<font color='#ffffff'><b>宠物数据</b></font>",
        Desc = "<font color='#ffffff'>加载中...</font>",
        Image = "info",
    })
    task.spawn(function()
        while true do
            pcall(function()
                local player = Players.LocalPlayer
                local rebirths = player.leaderstats.Rebirths.Value
                requiredStrength = 1000 + 5000 * rebirths / 2
                local currentPet = "无"
                local equipped = player:FindFirstChild("equippedPets")
                if equipped and equipped:FindFirstChild("pet1") then
                    currentPet = equipped.pet1.Value
                end
                statusParagraph:SetDesc(string.format("<font color='#ffffff'><b>重生所需力量: %.1f\n当前装备宠物: %s</b></font>", requiredStrength, tostring(currentPet)))
            end)
            task.wait(1)
        end
    end)

    local autoqie1 = false
    Tab:Toggle({
        Title = "<font color='#ffffff'><b>自动切换宠物1（力量足时换部落霸主）</b></font>",
        Default = false,
        Callback = function(s)
            autoqie1 = s
            if s then
                task.spawn(function()
                    while autoqie1 do
                        task.wait(0.3)
                        pcall(function()
                            local player = Players.LocalPlayer
                            local petsFolder = player:FindFirstChild("petsFolder")
                            if not petsFolder then return end
                            local unique = petsFolder:FindFirstChild("Unique")
                            if not unique then return end
                            local tribal, swift = nil, nil
                            for _, pet in ipairs(unique:GetChildren()) do
                                if pet.Name == "Tribal Overlord" then tribal = pet
                                elseif pet.Name == "Swift Samurai" then swift = pet
                                end
                            end
                            if tribal and swift and requiredStrength <= player.leaderstats.Strength.Value then
                                local equipped = player:FindFirstChild("equippedPets")
                                if equipped and equipped.pet1.Value == swift then
                                    ReplicatedStorage.rEvents.equipPetEvent:FireServer("unequipPet", swift)
                                end
                                ReplicatedStorage.rEvents.equipPetEvent:FireServer("equipPet", tribal)
                            end
                        end)
                    end
                end)
            end
        end
    })

    local autoqie2 = false
    Tab:Toggle({
        Title = "<font color='#ffffff'><b>自动切换宠物2（力量不足时换迅捷武士）</b></font>",
        Default = false,
        Callback = function(s)
            autoqie2 = s
            if s then
                task.spawn(function()
                    while autoqie2 do
                        task.wait(0.3)
                        pcall(function()
                            local player = Players.LocalPlayer
                            local petsFolder = player:FindFirstChild("petsFolder")
                            if not petsFolder then return end
                            local unique = petsFolder:FindFirstChild("Unique")
                            if not unique then return end
                            local tribal, swift = nil, nil
                            for _, pet in ipairs(unique:GetChildren()) do
                                if pet.Name == "Tribal Overlord" then tribal = pet
                                elseif pet.Name == "Swift Samurai" then swift = pet
                                end
                            end
                            if tribal and swift and player.leaderstats.Strength.Value < requiredStrength then
                                local equipped = player:FindFirstChild("equippedPets")
                                if equipped and equipped.pet1.Value == tribal then
                                    ReplicatedStorage.rEvents.equipPetEvent:FireServer("unequipPet", tribal)
                                end
                                ReplicatedStorage.rEvents.equipPetEvent:FireServer("equipPet", swift)
                            end
                        end)
                    end
                end)
            end
        end
    })

    local smartRebirth = false
    Tab:Toggle({
        Title = "<font color='#ffffff'><b>智能重生（仅装备部落霸主时）</b></font>",
        Default = false,
        Callback = function(s)
            smartRebirth = s
            if s then
                task.spawn(function()
                    while smartRebirth do
                        task.wait()
                        pcall(function()
                            local player = Players.LocalPlayer
                            local equipped = player:FindFirstChild("equippedPets")
                            if equipped and equipped.pet1 and equipped.pet1.Value == "Tribal Overlord" then
                                ReplicatedStorage.rEvents.rebirthRemote:InvokeServer("rebirthRequest")
                            end
                        end)
                    end
                end)
            end
        end
    })

    local fastFarmRebirth = false
    Tab:Toggle({
        Title = "<font color='#ffffff'><b>快速锻炼（练重生专用）</b></font>",
        Default = false,
        Callback = function(s)
            fastFarmRebirth = s
            if s then
                task.spawn(function()
                    while fastFarmRebirth do
                        task.wait()
                        pcall(function()
                            for i = 1, 7 do
                                Players.LocalPlayer.muscleEvent:FireServer("rep")
                            end
                        end)
                    end
                end)
            end
        end
    })

    local fastFarmStrength = false
    Tab:Toggle({
        Title = "<font color='#ffffff'><b>快速锻炼（练力量专用）</b></font>",
        Default = false,
        Callback = function(s)
            fastFarmStrength = s
            if s then
                task.spawn(function()
                    while fastFarmStrength do
                        task.wait()
                        pcall(function()
                            for i = 1, 15 do
                                Players.LocalPlayer.muscleEvent:FireServer("rep")
                            end
                        end)
                    end
                end)
            end
        end
    })

    local autoEatEgg = false
    Tab:Toggle({
        Title = "<font color='#ffffff'><b>自动吃蛋白蛋</b></font>",
        Default = false,
        Callback = function(s)
            autoEatEgg = s
            if s then
                task.spawn(function()
                    while autoEatEgg do
                        task.wait()
                        pcall(function()
                            local player = Players.LocalPlayer
                            if player:FindFirstChild("boostTimersFolder") and not player.boostTimersFolder:FindFirstChild("Protein Egg") then
                                local egg = player.Backpack:FindFirstChild("Protein Egg")
                                if egg and player.Character then
                                    player.Character.Humanoid:EquipTool(egg)
                                end
                            end
                        end)
                    end
                end)
            end
        end
    })

    local clearEffects = false
    Tab:Toggle({
        Title = "<font color='#ffffff'><b>清除特效</b></font>",
        Default = false,
        Callback = function(s)
            clearEffects = s
            if s then
                task.spawn(function()
                    while clearEffects do
                        task.wait()
                        pcall(function()
                            local rep = ReplicatedStorage
                            if rep:FindFirstChild("strengthFrame") then rep.strengthFrame:Destroy() end
                            if rep:FindFirstChild("durabilityFrame") then rep.durabilityFrame:Destroy() end
                            if rep:FindFirstChild("agilityFrame") then rep.agilityFrame:Destroy() end
                            local char = Players.LocalPlayer.Character
                            if char then
                                if char:FindFirstChild("sweatPart") then char.sweatPart:Destroy() end
                                if char:FindFirstChild("airPart") then char.airPart:Destroy() end
                            end
                        end)
                    end
                end)
            end
        end
    })
end

do
    local Tab = Tabs.Kill
    local autokill = false
    local lockkill = false
    local autoPunchKill = false
    local whitelist = {}
    local blacklist = {}

    local function getPlayerNames()
        local n = {}
        for _, p in ipairs(Players:GetPlayers()) do
            if p ~= Players.LocalPlayer then table.insert(n, p.Name) end
        end
        return n
    end

    local whitelistDropdown = Tab:Dropdown({
        Title = "<font color='#ffffff'><b>白名单</b></font>",
        Values = getPlayerNames(),
        Default = {},
        Multi = true,
        AllowNone = true,
        Callback = function(s)
            whitelist = {}
            for _, v in ipairs(s) do whitelist[v] = true end
        end
    })

    local blacklistDropdown = Tab:Dropdown({
        Title = "<font color='#ffffff'><b>黑名单</b></font>",
        Values = getPlayerNames(),
        Default = {},
        Multi = true,
        AllowNone = true,
        Callback = function(s)
            blacklist = {}
            for _, v in ipairs(s) do blacklist[v] = true end
        end
    })

    Tab:Button({
        Title = "<font color='#ffffff'><b>刷新名单</b></font>",
        Callback = function()
            local names = getPlayerNames()
            if whitelistDropdown.SetValues then whitelistDropdown:SetValues(names) end
            if blacklistDropdown.SetValues then blacklistDropdown:SetValues(names) end
            whitelist = {}
            blacklist = {}
        end
    })

    Tab:Toggle({
        Title = "<font color='#ffffff'><b>自动击杀全部</b></font>",
        Default = false,
        Callback = function(s)
            autokill = s
            if s then
                task.spawn(function()
                    while autokill do
                        for _, plr in ipairs(Players:GetPlayers()) do
                            if plr ~= Players.LocalPlayer and not whitelist[plr.Name] then
                                pcall(function()
                                    local char = plr.Character
                                    local myChar = Players.LocalPlayer.Character
                                    if char and myChar then
                                        local punch = Players.LocalPlayer.Backpack:FindFirstChild("Punch")
                                        if punch and myChar:FindFirstChild("Humanoid") then
                                            myChar.Humanoid:EquipTool(punch)
                                            punch:Activate()
                                        end
                                        local head = char:FindFirstChild("Head")
                                        local hand = myChar:FindFirstChild("LeftHand")
                                        if head and hand then
                                            firetouchinterest(head, hand, 0)
                                            task.wait(0.01)
                                            firetouchinterest(head, hand, 1)
                                        end
                                    end
                                end)
                            end
                        end
                        task.wait(0.1)
                    end
                end)
            end
        end
    })

    Tab:Toggle({
        Title = "<font color='#ffffff'><b>锁定击杀玩家</b></font>",
        Default = false,
        Callback = function(s)
            lockkill = s
            if s then
                task.spawn(function()
                    while lockkill do
                        for name in pairs(blacklist) do
                            local target = Players:FindFirstChild(name)
                            if target and target.Character and target.Character:FindFirstChild("Head") then
                                pcall(function()
                                    local myChar = Players.LocalPlayer.Character
                                    if myChar then
                                        target.Character.Head.Anchored = true
                                        target.Character.Head.CanCollide = false
                                        if target.Character.Head:FindFirstChild("Neck") then
                                            target.Character.Head.Neck:Destroy()
                                        end
                                        Players.LocalPlayer.muscleEvent:FireServer("punch", "leftHand")
                                        Players.LocalPlayer.muscleEvent:FireServer("punch", "rightHand")
                                        target.Character.Head.Position = myChar.LeftHand.Position
                                    end
                                end)
                            end
                        end
                        task.wait(1)
                    end
                end)
            end
        end
    })

    Tab:Toggle({
        Title = "<font color='#ffffff'><b>自动挥拳</b></font>",
        Default = false,
        Callback = function(s)
            autoPunchKill = s
            if s then
                task.spawn(function()
                    while autoPunchKill do
                        pcall(function()
                            Players.LocalPlayer.muscleEvent:FireServer("punch", "leftHand")
                            local punch = Players.LocalPlayer.Backpack:FindFirstChild("Punch")
                            if punch then
                                Players.LocalPlayer.Character.Humanoid:EquipTool(punch)
                            end
                        end)
                        task.wait()
                    end
                end)
            end
        end
    })
end

do
    local Tab = Tabs.Rock
    local rockAuto = false
    local rockTeleport = false
    local punstone = false
    local lockPosition = false
    local lockPosCF = nil
    local rockValue = "Frozen Rock"
    local rockCoords = {
        ["Tiny Rock"]            = CFrame.new(18.3364983, 8.35296726, 2094.66919, -0.99168855, -4.91053509e-09, 0.128661588, 7.92791877e-09, 1, 9.92725262e-08, -0.128661588, 9.94674494e-08, -0.99168855),
        ["Punching Rock"]        = CFrame.new(-143.737717, 9.90110397, 411.335052, -0.853666067, -5.99174088e-09, 0.520820737, -2.59418065e-09, 1, 7.25235516e-09, -0.520820737, 4.83998663e-09, -0.853666067),
        ["Large Rock"]           = CFrame.new(154.747818, 7.88098717, -142.160736, 0.481531382, -2.43787195e-08, -0.876428843, 5.29307131e-09, 1, -2.49078287e-08, 0.876428843, 7.35490069e-09, 0.481531382),
        ["Golden Rock"]          = CFrame.new(282.408081, 7.87989855, -584.291626, 0.224781081, -2.54717989e-08, -0.974409282, -1.42170977e-08, 1, -2.94204217e-08, 0.974409282, 2.04664268e-08, 0.224781081),
        ["Frozen Rock"]          = CFrame.new(-2577.71313, 7.88099527, -275.236755, -0.886139214, 4.64060044e-08, -0.463419169, 4.32736194e-08, 1, 1.73915016e-08, 0.463419169, -4.64253302e-09, -0.886139214),
        ["Mystic Rock"]          = CFrame.new(2218.36011, 7.88099527, 1221.01685, -0.432565987, 4.75892392e-08, 0.901602268, 3.94557897e-09, 1, -5.08899731e-08, -0.901602268, -1.84559283e-08, -0.432565987),
        ["Inferno Rock"]         = CFrame.new(-7234.49854, 9.87342453, -1231.04211, 0.927281976, -6.72599256e-08, 0.374363571, 8.28478477e-08, 1, -2.55457167e-08, -0.374363571, 5.47032997e-08, 0.927281976),
        ["Rock Of Legends"]      = CFrame.new(4190.45361, 992.089294, -4067.81006, 0.515822232, -2.23924328e-08, 0.856695652, 2.45682301e-08, 1, 1.13454446e-08, -0.856695652, 1.51952637e-08, 0.515822232),
        ["Muscle King Mountain"] = CFrame.new(-9033.59277, 9.75098991, -6032.83203, 0.344087869, -4.16915036e-08, -0.938937426, -1.90252329e-08, 1, -5.13749434e-08, 0.938937426, 3.55409995e-08, 0.344087869),
        ["Ancient Jungle Rock"]  = CFrame.new(-7690.3667, 7.35999966, 2861.073, -0.425252706, 7.86523628e-08, -0.905074656, -7.56427898e-09, 1, 9.04556217e-08, 0.905074656, 4.53127349e-08, -0.425252706),
    }

    Tab:Dropdown({
        Title = "<font color='#ffffff'><b>选择石头</b></font>",
        Values = { "小号岩石", "拳击岩石", "大号岩石", "金色岩石", "冰晶石头", "神话岩石", "炼狱石头", "传奇之岩", "肌肉之王山", "古代丛林岩石" },
        Default = "冰晶石头",
        Callback = function(val)
            local map = {
                ["小号岩石"] = "Tiny Rock", ["拳击岩石"] = "Punching Rock", ["大号岩石"] = "Large Rock",
                ["金色岩石"] = "Golden Rock", ["冰晶石头"] = "Frozen Rock", ["神话岩石"] = "Mystic Rock",
                ["炼狱石头"] = "Inferno Rock", ["传奇之岩"] = "Rock Of Legends",
                ["肌肉之王山"] = "Muscle King Mountain", ["古代丛林岩石"] = "Ancient Jungle Rock"
            }
            rockValue = map[val]
        end
    })

    Tab:Toggle({
        Title = "<font color='#ffffff'><b>自动打石头</b></font>",
        Default = false,
        Callback = function(s)
            rockAuto = s
            if s then
                task.spawn(function()
                    while rockAuto do
                        pcall(function()
                            if rockTeleport then
                                local char = Players.LocalPlayer.Character
                                if char and char:FindFirstChild("HumanoidRootPart") then
                                    local targetCF = rockCoords[rockValue]
                                    if targetCF then
                                        char.HumanoidRootPart.CFrame = targetCF
                                        task.wait(0.3)
                                    end
                                end
                            end
                            local rockFolder = workspace:FindFirstChild("machinesFolder")
                            if rockFolder then
                                local rock = rockFolder:FindFirstChild(rockValue)
                                if rock and rock:FindFirstChild("Rock") then
                                    local rockPart = rock.Rock
                                    local hand = Players.LocalPlayer.Character and Players.LocalPlayer.Character:FindFirstChild("LeftHand")
                                    if hand then
                                        firetouchinterest(rockPart, hand, 0)
                                        task.wait(0.01)
                                        firetouchinterest(rockPart, hand, 1)
                                    end
                                end
                            end
                        end)
                        task.wait()
                    end
                end)
            else
                pcall(function()
                    local char = Players.LocalPlayer.Character
                    if char and char:FindFirstChild("Humanoid") then
                        char.Humanoid.AutoRotate = true
                    end
                end)
            end
        end
    })

    Tab:Toggle({
        Title = "<font color='#ffffff'><b>自动传送打石头</b></font>",
        Desc = "<font color='#ffffff'><i>开启后自动传送到石头预设坐标</i></font>",
        Default = false,
        Callback = function(s) rockTeleport = s end
    })

    Tab:Toggle({
        Title = "<font color='#ffffff'><b>自动挥拳</b></font>",
        Default = false,
        Callback = function(s)
            punstone = s
            if s then
                task.spawn(function()
                    while punstone do
                        pcall(function()
                            Players.LocalPlayer.muscleEvent:FireServer("punch", "leftHand")
                            local punch = Players.LocalPlayer.Backpack:FindFirstChild("Punch")
                            if punch then
                                Players.LocalPlayer.Character.Humanoid:EquipTool(punch)
                            end
                        end)
                        task.wait()
                    end
                end)
            end
        end
    })

    Tab:Toggle({
        Title = "<font color='#ffffff'><b>固定位置</b></font>",
        Default = false,
        Callback = function(s)
            lockPosition = s
            local player = Players.LocalPlayer
            local char = player.Character or player.CharacterAdded:Wait()
            local root = char:WaitForChild("HumanoidRootPart")
            if s then
                lockPosCF = root.CFrame
                task.spawn(function()
                    while lockPosition do
                        root.CFrame = lockPosCF
                        task.wait()
                    end
                end)
            end
        end
    })
end

do
    local Tab = Tabs.Pet

    Tab:Section({ Title = "<font color='#ffffff'><b>丛林水晶</b></font>" })
    local petP = "Neon Guardian"
    local buyP = false
    local evoP = false
    Tab:Dropdown({
        Title = "<font color='#ffffff'><b>宠物</b></font>",
        Values = { "霓虹守护者", "爆破", "肌肉老师", "永恒超级打击光环", "超新星光环", "金色维京人" },
        Default = "霓虹守护者",
        Callback = function(v)
            if v == "霓虹守护者" then petP = "Neon Guardian"
            elseif v == "爆破" then petP = "Entropic Blast"
            elseif v == "肌肉老师" then petP = "Muscle Sensei"
            elseif v == "永恒超级打击光环" then petP = "Eternal Megastrike"
            elseif v == "超新星光环" then petP = "Grand Supernova"
            elseif v == "金色维京人" then petP = "Golden Viking"
            end
        end
    })
    Tab:Toggle({
        Title = "<font color='#ffffff'><b>自动购买</b></font>",
        Default = false,
        Callback = function(s)
            buyP = s
            if s then
                task.spawn(function()
                    while buyP do
                        pcall(function()
                            local p = ReplicatedStorage.cPetShopFolder:FindFirstChild(petP)
